Preprocessing Configuration:{'order': ['feature_extractor', 'scaler'], 'feature_extractor': <class 'configs.feature_extractors.RocketFeatureExtractorOverlapping'>, 'feature_extractor_hyperparams': {}, 'scaler': <class 'sklearn.preprocessing._data.StandardScaler'>, 'scaler_hyperparams': {}, 'param_grid': {'model__l2_regularization': [0.001, 0.01, 0.1], 'model__learning_rate': [0.01, 0.1, 1, 10], 'model__max_leaf_nodes': [3, 10, 30], 'model__max_depth': [3, 7, 12, 18]}}
 Model Configuration:{'model': <class 'sklearn.ensemble._hist_gradient_boosting.gradient_boosting.HistGradientBoostingClassifier'>, 'model_hyperparams': {}, 'param_grid': {'model__l2_regularization': [0.001, 0.01, 0.1], 'model__learning_rate': [0.01, 0.1, 1, 10], 'model__max_leaf_nodes': [3, 10, 30], 'model__max_depth': [3, 7, 12, 18]}}
 Best Score: 0.6821743036837377
 Best Estimator: Pipeline(steps=[('feature_extractor',
                 <configs.feature_extractors.RocketFeatureExtractorOverlapping object at 0x0000025C3C8527D0>),
                ('scaler', StandardScaler()),
                ('model',
                 HistGradientBoostingClassifier(l2_regularization=0.001,
                                                max_depth=12,
                                                max_leaf_nodes=30))])
 Best Parameter Setting:{'model__l2_regularization': 0.001, 'model__learning_rate': 0.1, 'model__max_depth': 12, 'model__max_leaf_nodes': 30}
	0	1	2	3	4	5	6	7	8	9	10	11	12	13	14	15	16	17	18	19	20	21	22	23	24	25	26	27	28	29	30	31	32	33	34	35	36	37	38	39	40	41	42	43	44	45	46	47	48	49	50	51	52	53	54	55	56	57	58	59	60	61	62	63	64	65	66	67	68	69	70	71	72	73	74	75	76	77	78	79	80	81	82	83	84	85	86	87	88	89	90	91	92	93	94	95	96	97	98	99	100	101	102	103	104	105	106	107	108	109	110	111	112	113	114	115	116	117	118	119	120	121	122	123	124	125	126	127	128	129	130	131	132	133	134	135	136	137	138	139	140	141	142	143
mean_fit_time	1.059912919998169	1.7452429294586183	1.9039648056030274	1.29139084815979	3.216732549667358	3.4207131385803224	1.774194860458374	4.951288366317749	4.963544464111328	1.844316291809082	4.948467636108399	5.230234241485595	1.9415467739105225	2.998512887954712	3.021630334854126	1.8128702640533447	4.912177324295044	5.124780178070068	1.845602035522461	5.010640668869018	5.08228440284729	1.8264101505279542	5.056044864654541	5.078091192245483	0.6906455993652344	0.5801770210266113	0.3749522686004639	0.4576893329620361	0.5792006492614746	0.5513378620147705	0.44894561767578123	0.5170384407043457	0.5444790363311768	0.44203963279724123	0.523140811920166	0.547614574432373	0.18818154335021972	0.25571622848510744	0.2549170970916748	0.18129959106445312	0.27416214942932127	0.27278552055358884	0.18055267333984376	0.2701587200164795	0.26874752044677735	0.18342995643615723	0.2736534118652344	0.2726876735687256	1.3897024154663087	2.18092041015625	2.132998895645142	1.3949478149414063	3.5722508907318113	3.695291805267334	1.438069486618042	3.55823016166687	3.563600206375122	1.3915588855743408	3.6018226623535154	3.5480246543884277	1.4694620609283446	2.238176727294922	2.229086446762085	1.4037842273712158	3.836116313934326	3.934660005569458	1.393097448348999	3.8530412197113035	3.967135763168335	1.4091708660125732	3.8471730232238768	4.1039206981658936	0.674152135848999	0.4732811450958252	0.4751009941101074	0.669890022277832	0.6266098976135254	0.5227684020996094	0.6809127807617188	0.4860642433166504	0.5523575782775879	0.679373836517334	0.46709575653076174	0.5448653697967529	0.16136083602905274	0.2172116756439209	0.23603391647338867	0.21322059631347656	0.19410252571105957	0.19881653785705566	0.1519306182861328	0.21327133178710939	0.19004421234130858	0.14434704780578614	0.20687899589538575	0.20118470191955568	1.3901813983917237	2.08256196975708	2.08064751625061	1.3895272254943847	3.4761397361755373	3.481665515899658	1.4514516830444335	3.5694093227386476	3.522713804244995	1.4693886280059814	3.5123520851135255	3.571954107284546	1.396340274810791	2.2631898880004884	2.304828405380249	1.4007303237915039	3.759172058105469	3.8117910385131837	1.384005641937256	3.7399581909179687	3.7957050800323486	1.3890738010406494	3.8320260524749754	3.7978957653045655	0.8293267250061035	1.1494012832641602	1.1773950099945067	0.7397444725036622	1.0410404682159424	1.4173025131225585	0.7503584861755371	1.4465317249298095	1.2990948677062988	0.753092908859253	1.4480910778045655	1.2965206623077392	0.17258896827697753	0.21302642822265624	0.2158581256866455	0.17595067024230956	0.24931645393371582	0.24447274208068848	0.172196626663208	0.24324965476989746	0.24760923385620118	0.16969685554504393	0.23891854286193848	0.23249521255493164
std_fit_time	0.033865105354914285	0.04740751716186519	0.047533719115833296	0.06629656329559447	0.05999158565586997	0.37034047743017723	0.03949373259013496	0.11090052469399095	0.11086651822093542	0.03732142957818501	0.19511808884226553	0.4106759108260818	0.2199052282421485	0.051385243994457715	0.07922405296635798	0.021423227625719205	0.19646941824173955	0.21797705770399678	0.0440969476939284	0.17467504110725215	0.2648650384033837	0.031524351522104144	0.18488432095095636	0.26044401927038574	0.5182429743332482	0.21076617656099225	0.13232160652981564	0.317857423828863	0.05337229591336262	0.18911960819611068	0.3000291811491744	0.10961493953552019	0.16398666725382405	0.3083049168989896	0.11178796112396033	0.1606200530576396	0.07488607039989129	0.1605966549942348	0.16189296412413073	0.09408712269486957	0.16127406090282395	0.1641600664326252	0.08910729862332321	0.15577737467824995	0.15823220195420243	0.08649416057944137	0.1677656264287629	0.15884006343062518	0.013021953770220541	0.08427045465689073	0.060778057290830134	0.017198777756276692	0.08403382012283123	0.282051439342463	0.05813121380785224	0.03349864389631448	0.06441613321659664	0.008287790263735852	0.1349563094527505	0.03860817167950902	0.1378394498301032	0.045422542721801955	0.034737834003161855	0.027626991125229473	0.12492452265685611	0.1312101421260523	0.006322444225635819	0.12582969176729672	0.16399567157469105	0.02250421058293086	0.12657791673114138	0.1166996640396074	0.3080080019439754	0.14690139672911912	0.13143257731969962	0.3207668380839811	0.1619593503825573	0.08285359496320027	0.31300983801077087	0.058640892746144375	0.10682390509504881	0.31725309128182333	0.06252904920591475	0.11433466698175233	0.020284776128246397	0.07595584770317705	0.07893368441610184	0.04077270861946047	0.029515083334622206	0.01885272219765828	0.005304394834915586	0.020001206471419668	0.015711309821903132	0.005390428466652434	0.013374280653727205	0.02480265895477669	0.008249672867534506	0.0726568134133302	0.06316788951816853	0.014426482413199625	0.06479301150263796	0.05386570808888105	0.06161569540041176	0.07207121443764726	0.03343811730650231	0.07996937189588887	0.042158817475739886	0.09304030354923219	0.017404863259207908	0.03967477781767235	0.045048372707681146	0.014667588326754999	0.08001429263969533	0.11331896743963561	0.009270632479817	0.10892579710717008	0.1060626460605619	0.016462768482418146	0.19959257446252462	0.10519467127003165	0.5476859066550057	0.605951577220715	0.668268686217558	0.472421176689388	0.32099134355307063	0.24572662234816367	0.47995948344337247	0.37145331536829695	0.24443958180336475	0.4769305142658295	0.36564728951399283	0.2411286809339955	0.04538547665964352	0.09649456614482017	0.08897492555697215	0.048397289744081494	0.08813353419447166	0.08112119433128219	0.05049728020905107	0.08962150854034924	0.07687973979833639	0.06078612905440944	0.09031728211949254	0.07618044096795894
mean_score_time	0.013002681732177734	0.011301946640014649	0.015320539474487305	0.01815953254699707	0.014662837982177735	0.01352705955505371	0.016710281372070312	0.01042490005493164	0.018059730529785156	0.017007207870483397	0.01721057891845703	0.027666282653808594	0.0156919002532959	0.023499107360839842	0.028037118911743163	0.010308074951171874	0.021019124984741212	0.013333988189697266	0.01847872734069824	0.018463993072509767	0.011799812316894531	0.023463106155395506	0.01135716438293457	0.01965475082397461	0.044634103775024414	0.027724504470825195	0.016595745086669923	0.01458115577697754	0.012740612030029297	0.018006038665771485	0.014994287490844726	0.01770806312561035	0.014693355560302735	0.016788244247436523	0.015019512176513672	0.015481042861938476	0.010227489471435546	0.011998701095581054	0.017345476150512695	0.01761035919189453	0.015650033950805664	0.013479804992675782	0.015198135375976562	0.015618085861206055	0.014116525650024414	0.012883472442626952	0.01840691566467285	0.013617324829101562	0.01352391242980957	0.0179288387298584	0.014792728424072265	0.01248917579650879	0.014446115493774414	0.01943316459655762	0.013992738723754884	0.015948772430419922	0.014440155029296875	0.014682340621948241	0.014891767501831054	0.013370895385742187	0.015727710723876954	0.019651508331298827	0.017468643188476563	0.013057661056518555	0.013407373428344726	0.014094257354736328	0.011936140060424805	0.01832923889160156	0.015634632110595702	0.015337276458740234	0.01903820037841797	0.020749759674072266	0.017283153533935548	0.01714153289794922	0.018810749053955078	0.012002086639404297	0.02519216537475586	0.011962699890136718	0.009488201141357422	0.013320350646972656	0.019618511199951172	0.009957361221313476	0.01498870849609375	0.018951272964477538	0.019986724853515624	0.016999483108520508	0.015210723876953125	0.02935924530029297	0.012580156326293945	0.013149023056030273	0.011342477798461915	0.015750741958618163	0.015281057357788086	0.015178966522216796	0.017874765396118163	0.014261960983276367	0.01580972671508789	0.013369035720825196	0.015596389770507812	0.012766361236572266	0.015682744979858398	0.0162811279296875	0.015712976455688477	0.013391971588134766	0.014632129669189453	0.017046022415161132	0.020163631439208983	0.013225364685058593	0.02067089080810547	0.018650388717651366	0.015692996978759765	0.019612503051757813	0.01568179130554199	0.01834592819213867	0.017539072036743163	0.016126585006713868	0.015619039535522461	0.010966110229492187	0.017375755310058593	0.018648338317871094	0.024724483489990234	0.015156364440917969	0.015053319931030273	0.01722579002380371	0.018764162063598634	0.016004514694213868	0.01572589874267578	0.013316679000854491	0.013700246810913086	0.013482141494750976	0.013597869873046875	0.014970970153808594	0.015728569030761717	0.017193317413330078	0.01924896240234375	0.011099672317504883	0.017476463317871095	0.015781116485595704	0.01702570915222168	0.017213726043701173	0.00763406753540039	0.01595339775085449	0.014126205444335937	0.014302539825439452
std_score_time	0.0018732931246770335	0.000875005675220219	0.003783442870512597	0.0059378172936287435	0.001207771015643121	0.0018712269724447865	0.0031833797175070786	0.006509455209345722	0.0038982140012707813	0.0028111865512101893	0.008232212207788575	0.017046968207546268	0.01002071001979191	0.013508809858013433	0.012020408864609314	0.006729919520339771	0.008041166702988038	0.003947061318131011	0.004132011437567908	0.005319988479239705	0.009005997526404606	0.007068188088578648	0.006175006506612527	0.006064758043248269	0.02142936319630423	0.01255617800022471	0.005210132301823635	0.00833165064420829	0.0028089860923304314	0.004559305370544598	0.0010304009954607537	0.006905861898998915	0.0018160537491067133	0.002440240454054537	0.001517383144643279	0.004738835632946513	0.0058092591999906445	0.0042361596859584695	0.004290826790536794	0.0030127451142083336	0.00577185834282325	0.0027476044935548435	0.0069921867296036805	0.009904134889642445	0.001890743741992979	0.003943368313686479	0.006451632628279706	0.0033139920213059388	0.004334846905915698	0.0046050570735091615	0.0037018979329465074	0.004364409781469699	0.003243481834383519	0.004722065073510021	0.0043975528377694926	0.004007822824753121	0.006218964638345401	0.0018380860735269652	0.007910908606733052	0.004236076734455338	0.0075450474492444386	0.006196165640230852	0.004292081743413258	0.004319778337379631	0.006927436389115162	0.0022736445183453424	0.006158871559358641	0.008202666525911069	1.2531476476521937e-05	0.008073923931368826	0.004753124352715857	0.006958772957148191	0.0024346511415477712	0.004463884857266698	0.0050396849635553735	0.006070664291151394	0.013430622401031227	0.009427903508790789	0.006000453431539747	0.004618837322324361	0.007924513911689284	0.007763504921625763	0.0011259860487098502	0.0042301094830787585	0.006718663349595001	0.005098071291336112	0.0035678916769957664	0.006837866438614773	0.006291889009582898	0.006692804512432389	0.005835945470877148	0.00024246072791249648	0.0012165348180473688	0.0013995736482737293	0.004584517635544682	0.001707661770987934	0.006252357371325667	0.005888704933120961	0.0030583431375061	0.003130604793152404	6.639662501498668e-05	0.0008737846999468989	0.009650422928973787	0.004107731181118641	0.0030720328659101003	0.007528556119027101	0.006169291648576406	0.004880330803646644	0.0064923357626962535	0.006776671950403022	0.0014228513937420385	0.0063742362934561024	0.00017530543126049195	0.011297431571307444	0.002325330786507995	0.006858719714468464	0.0024311313584115812	0.00437690812054557	0.01007578446451105	0.006639979411076808	0.01109931893315621	0.0006222029643478542	0.004694323260159577	0.003201222520508524	0.006249588933439317	0.0007500987915245936	0.004974183508652253	0.0056625557845729904	0.010702337083928927	0.008527992030786056	0.004236895048946827	0.008071994312493365	0.0001755106415079892	0.001989963283461691	0.006487294786871471	0.009592777359923834	0.0025653108538538113	0.00022469624371408464	0.0026095448323358813	0.0043395329995205645	0.007387825193703039	0.0007092076271466229	0.0017125392055057933	0.0052786810223951165
param_model__l2_regularization	0.001	0.001	0.001	0.001	0.001	0.001	0.001	0.001	0.001	0.001	0.001	0.001	0.001	0.001	0.001	0.001	0.001	0.001	0.001	0.001	0.001	0.001	0.001	0.001	0.001	0.001	0.001	0.001	0.001	0.001	0.001	0.001	0.001	0.001	0.001	0.001	0.001	0.001	0.001	0.001	0.001	0.001	0.001	0.001	0.001	0.001	0.001	0.001	0.01	0.01	0.01	0.01	0.01	0.01	0.01	0.01	0.01	0.01	0.01	0.01	0.01	0.01	0.01	0.01	0.01	0.01	0.01	0.01	0.01	0.01	0.01	0.01	0.01	0.01	0.01	0.01	0.01	0.01	0.01	0.01	0.01	0.01	0.01	0.01	0.01	0.01	0.01	0.01	0.01	0.01	0.01	0.01	0.01	0.01	0.01	0.01	0.1	0.1	0.1	0.1	0.1	0.1	0.1	0.1	0.1	0.1	0.1	0.1	0.1	0.1	0.1	0.1	0.1	0.1	0.1	0.1	0.1	0.1	0.1	0.1	0.1	0.1	0.1	0.1	0.1	0.1	0.1	0.1	0.1	0.1	0.1	0.1	0.1	0.1	0.1	0.1	0.1	0.1	0.1	0.1	0.1	0.1	0.1	0.1
param_model__learning_rate	0.01	0.01	0.01	0.01	0.01	0.01	0.01	0.01	0.01	0.01	0.01	0.01	0.1	0.1	0.1	0.1	0.1	0.1	0.1	0.1	0.1	0.1	0.1	0.1	1	1	1	1	1	1	1	1	1	1	1	1	10	10	10	10	10	10	10	10	10	10	10	10	0.01	0.01	0.01	0.01	0.01	0.01	0.01	0.01	0.01	0.01	0.01	0.01	0.1	0.1	0.1	0.1	0.1	0.1	0.1	0.1	0.1	0.1	0.1	0.1	1	1	1	1	1	1	1	1	1	1	1	1	10	10	10	10	10	10	10	10	10	10	10	10	0.01	0.01	0.01	0.01	0.01	0.01	0.01	0.01	0.01	0.01	0.01	0.01	0.1	0.1	0.1	0.1	0.1	0.1	0.1	0.1	0.1	0.1	0.1	0.1	1	1	1	1	1	1	1	1	1	1	1	1	10	10	10	10	10	10	10	10	10	10	10	10
param_model__max_depth	3	3	3	7	7	7	12	12	12	18	18	18	3	3	3	7	7	7	12	12	12	18	18	18	3	3	3	7	7	7	12	12	12	18	18	18	3	3	3	7	7	7	12	12	12	18	18	18	3	3	3	7	7	7	12	12	12	18	18	18	3	3	3	7	7	7	12	12	12	18	18	18	3	3	3	7	7	7	12	12	12	18	18	18	3	3	3	7	7	7	12	12	12	18	18	18	3	3	3	7	7	7	12	12	12	18	18	18	3	3	3	7	7	7	12	12	12	18	18	18	3	3	3	7	7	7	12	12	12	18	18	18	3	3	3	7	7	7	12	12	12	18	18	18
param_model__max_leaf_nodes	3	10	30	3	10	30	3	10	30	3	10	30	3	10	30	3	10	30	3	10	30	3	10	30	3	10	30	3	10	30	3	10	30	3	10	30	3	10	30	3	10	30	3	10	30	3	10	30	3	10	30	3	10	30	3	10	30	3	10	30	3	10	30	3	10	30	3	10	30	3	10	30	3	10	30	3	10	30	3	10	30	3	10	30	3	10	30	3	10	30	3	10	30	3	10	30	3	10	30	3	10	30	3	10	30	3	10	30	3	10	30	3	10	30	3	10	30	3	10	30	3	10	30	3	10	30	3	10	30	3	10	30	3	10	30	3	10	30	3	10	30	3	10	30
params	{'model__l2_regularization': 0.001, 'model__learning_rate': 0.01, 'model__max_depth': 3, 'model__max_leaf_nodes': 3}	{'model__l2_regularization': 0.001, 'model__learning_rate': 0.01, 'model__max_depth': 3, 'model__max_leaf_nodes': 10}	{'model__l2_regularization': 0.001, 'model__learning_rate': 0.01, 'model__max_depth': 3, 'model__max_leaf_nodes': 30}	{'model__l2_regularization': 0.001, 'model__learning_rate': 0.01, 'model__max_depth': 7, 'model__max_leaf_nodes': 3}	{'model__l2_regularization': 0.001, 'model__learning_rate': 0.01, 'model__max_depth': 7, 'model__max_leaf_nodes': 10}	{'model__l2_regularization': 0.001, 'model__learning_rate': 0.01, 'model__max_depth': 7, 'model__max_leaf_nodes': 30}	{'model__l2_regularization': 0.001, 'model__learning_rate': 0.01, 'model__max_depth': 12, 'model__max_leaf_nodes': 3}	{'model__l2_regularization': 0.001, 'model__learning_rate': 0.01, 'model__max_depth': 12, 'model__max_leaf_nodes': 10}	{'model__l2_regularization': 0.001, 'model__learning_rate': 0.01, 'model__max_depth': 12, 'model__max_leaf_nodes': 30}	{'model__l2_regularization': 0.001, 'model__learning_rate': 0.01, 'model__max_depth': 18, 'model__max_leaf_nodes': 3}	{'model__l2_regularization': 0.001, 'model__learning_rate': 0.01, 'model__max_depth': 18, 'model__max_leaf_nodes': 10}	{'model__l2_regularization': 0.001, 'model__learning_rate': 0.01, 'model__max_depth': 18, 'model__max_leaf_nodes': 30}	{'model__l2_regularization': 0.001, 'model__learning_rate': 0.1, 'model__max_depth': 3, 'model__max_leaf_nodes': 3}	{'model__l2_regularization': 0.001, 'model__learning_rate': 0.1, 'model__max_depth': 3, 'model__max_leaf_nodes': 10}	{'model__l2_regularization': 0.001, 'model__learning_rate': 0.1, 'model__max_depth': 3, 'model__max_leaf_nodes': 30}	{'model__l2_regularization': 0.001, 'model__learning_rate': 0.1, 'model__max_depth': 7, 'model__max_leaf_nodes': 3}	{'model__l2_regularization': 0.001, 'model__learning_rate': 0.1, 'model__max_depth': 7, 'model__max_leaf_nodes': 10}	{'model__l2_regularization': 0.001, 'model__learning_rate': 0.1, 'model__max_depth': 7, 'model__max_leaf_nodes': 30}	{'model__l2_regularization': 0.001, 'model__learning_rate': 0.1, 'model__max_depth': 12, 'model__max_leaf_nodes': 3}	{'model__l2_regularization': 0.001, 'model__learning_rate': 0.1, 'model__max_depth': 12, 'model__max_leaf_nodes': 10}	{'model__l2_regularization': 0.001, 'model__learning_rate': 0.1, 'model__max_depth': 12, 'model__max_leaf_nodes': 30}	{'model__l2_regularization': 0.001, 'model__learning_rate': 0.1, 'model__max_depth': 18, 'model__max_leaf_nodes': 3}	{'model__l2_regularization': 0.001, 'model__learning_rate': 0.1, 'model__max_depth': 18, 'model__max_leaf_nodes': 10}	{'model__l2_regularization': 0.001, 'model__learning_rate': 0.1, 'model__max_depth': 18, 'model__max_leaf_nodes': 30}	{'model__l2_regularization': 0.001, 'model__learning_rate': 1, 'model__max_depth': 3, 'model__max_leaf_nodes': 3}	{'model__l2_regularization': 0.001, 'model__learning_rate': 1, 'model__max_depth': 3, 'model__max_leaf_nodes': 10}	{'model__l2_regularization': 0.001, 'model__learning_rate': 1, 'model__max_depth': 3, 'model__max_leaf_nodes': 30}	{'model__l2_regularization': 0.001, 'model__learning_rate': 1, 'model__max_depth': 7, 'model__max_leaf_nodes': 3}	{'model__l2_regularization': 0.001, 'model__learning_rate': 1, 'model__max_depth': 7, 'model__max_leaf_nodes': 10}	{'model__l2_regularization': 0.001, 'model__learning_rate': 1, 'model__max_depth': 7, 'model__max_leaf_nodes': 30}	{'model__l2_regularization': 0.001, 'model__learning_rate': 1, 'model__max_depth': 12, 'model__max_leaf_nodes': 3}	{'model__l2_regularization': 0.001, 'model__learning_rate': 1, 'model__max_depth': 12, 'model__max_leaf_nodes': 10}	{'model__l2_regularization': 0.001, 'model__learning_rate': 1, 'model__max_depth': 12, 'model__max_leaf_nodes': 30}	{'model__l2_regularization': 0.001, 'model__learning_rate': 1, 'model__max_depth': 18, 'model__max_leaf_nodes': 3}	{'model__l2_regularization': 0.001, 'model__learning_rate': 1, 'model__max_depth': 18, 'model__max_leaf_nodes': 10}	{'model__l2_regularization': 0.001, 'model__learning_rate': 1, 'model__max_depth': 18, 'model__max_leaf_nodes': 30}	{'model__l2_regularization': 0.001, 'model__learning_rate': 10, 'model__max_depth': 3, 'model__max_leaf_nodes': 3}	{'model__l2_regularization': 0.001, 'model__learning_rate': 10, 'model__max_depth': 3, 'model__max_leaf_nodes': 10}	{'model__l2_regularization': 0.001, 'model__learning_rate': 10, 'model__max_depth': 3, 'model__max_leaf_nodes': 30}	{'model__l2_regularization': 0.001, 'model__learning_rate': 10, 'model__max_depth': 7, 'model__max_leaf_nodes': 3}	{'model__l2_regularization': 0.001, 'model__learning_rate': 10, 'model__max_depth': 7, 'model__max_leaf_nodes': 10}	{'model__l2_regularization': 0.001, 'model__learning_rate': 10, 'model__max_depth': 7, 'model__max_leaf_nodes': 30}	{'model__l2_regularization': 0.001, 'model__learning_rate': 10, 'model__max_depth': 12, 'model__max_leaf_nodes': 3}	{'model__l2_regularization': 0.001, 'model__learning_rate': 10, 'model__max_depth': 12, 'model__max_leaf_nodes': 10}	{'model__l2_regularization': 0.001, 'model__learning_rate': 10, 'model__max_depth': 12, 'model__max_leaf_nodes': 30}	{'model__l2_regularization': 0.001, 'model__learning_rate': 10, 'model__max_depth': 18, 'model__max_leaf_nodes': 3}	{'model__l2_regularization': 0.001, 'model__learning_rate': 10, 'model__max_depth': 18, 'model__max_leaf_nodes': 10}	{'model__l2_regularization': 0.001, 'model__learning_rate': 10, 'model__max_depth': 18, 'model__max_leaf_nodes': 30}	{'model__l2_regularization': 0.01, 'model__learning_rate': 0.01, 'model__max_depth': 3, 'model__max_leaf_nodes': 3}	{'model__l2_regularization': 0.01, 'model__learning_rate': 0.01, 'model__max_depth': 3, 'model__max_leaf_nodes': 10}	{'model__l2_regularization': 0.01, 'model__learning_rate': 0.01, 'model__max_depth': 3, 'model__max_leaf_nodes': 30}	{'model__l2_regularization': 0.01, 'model__learning_rate': 0.01, 'model__max_depth': 7, 'model__max_leaf_nodes': 3}	{'model__l2_regularization': 0.01, 'model__learning_rate': 0.01, 'model__max_depth': 7, 'model__max_leaf_nodes': 10}	{'model__l2_regularization': 0.01, 'model__learning_rate': 0.01, 'model__max_depth': 7, 'model__max_leaf_nodes': 30}	{'model__l2_regularization': 0.01, 'model__learning_rate': 0.01, 'model__max_depth': 12, 'model__max_leaf_nodes': 3}	{'model__l2_regularization': 0.01, 'model__learning_rate': 0.01, 'model__max_depth': 12, 'model__max_leaf_nodes': 10}	{'model__l2_regularization': 0.01, 'model__learning_rate': 0.01, 'model__max_depth': 12, 'model__max_leaf_nodes': 30}	{'model__l2_regularization': 0.01, 'model__learning_rate': 0.01, 'model__max_depth': 18, 'model__max_leaf_nodes': 3}	{'model__l2_regularization': 0.01, 'model__learning_rate': 0.01, 'model__max_depth': 18, 'model__max_leaf_nodes': 10}	{'model__l2_regularization': 0.01, 'model__learning_rate': 0.01, 'model__max_depth': 18, 'model__max_leaf_nodes': 30}	{'model__l2_regularization': 0.01, 'model__learning_rate': 0.1, 'model__max_depth': 3, 'model__max_leaf_nodes': 3}	{'model__l2_regularization': 0.01, 'model__learning_rate': 0.1, 'model__max_depth': 3, 'model__max_leaf_nodes': 10}	{'model__l2_regularization': 0.01, 'model__learning_rate': 0.1, 'model__max_depth': 3, 'model__max_leaf_nodes': 30}	{'model__l2_regularization': 0.01, 'model__learning_rate': 0.1, 'model__max_depth': 7, 'model__max_leaf_nodes': 3}	{'model__l2_regularization': 0.01, 'model__learning_rate': 0.1, 'model__max_depth': 7, 'model__max_leaf_nodes': 10}	{'model__l2_regularization': 0.01, 'model__learning_rate': 0.1, 'model__max_depth': 7, 'model__max_leaf_nodes': 30}	{'model__l2_regularization': 0.01, 'model__learning_rate': 0.1, 'model__max_depth': 12, 'model__max_leaf_nodes': 3}	{'model__l2_regularization': 0.01, 'model__learning_rate': 0.1, 'model__max_depth': 12, 'model__max_leaf_nodes': 10}	{'model__l2_regularization': 0.01, 'model__learning_rate': 0.1, 'model__max_depth': 12, 'model__max_leaf_nodes': 30}	{'model__l2_regularization': 0.01, 'model__learning_rate': 0.1, 'model__max_depth': 18, 'model__max_leaf_nodes': 3}	{'model__l2_regularization': 0.01, 'model__learning_rate': 0.1, 'model__max_depth': 18, 'model__max_leaf_nodes': 10}	{'model__l2_regularization': 0.01, 'model__learning_rate': 0.1, 'model__max_depth': 18, 'model__max_leaf_nodes': 30}	{'model__l2_regularization': 0.01, 'model__learning_rate': 1, 'model__max_depth': 3, 'model__max_leaf_nodes': 3}	{'model__l2_regularization': 0.01, 'model__learning_rate': 1, 'model__max_depth': 3, 'model__max_leaf_nodes': 10}	{'model__l2_regularization': 0.01, 'model__learning_rate': 1, 'model__max_depth': 3, 'model__max_leaf_nodes': 30}	{'model__l2_regularization': 0.01, 'model__learning_rate': 1, 'model__max_depth': 7, 'model__max_leaf_nodes': 3}	{'model__l2_regularization': 0.01, 'model__learning_rate': 1, 'model__max_depth': 7, 'model__max_leaf_nodes': 10}	{'model__l2_regularization': 0.01, 'model__learning_rate': 1, 'model__max_depth': 7, 'model__max_leaf_nodes': 30}	{'model__l2_regularization': 0.01, 'model__learning_rate': 1, 'model__max_depth': 12, 'model__max_leaf_nodes': 3}	{'model__l2_regularization': 0.01, 'model__learning_rate': 1, 'model__max_depth': 12, 'model__max_leaf_nodes': 10}	{'model__l2_regularization': 0.01, 'model__learning_rate': 1, 'model__max_depth': 12, 'model__max_leaf_nodes': 30}	{'model__l2_regularization': 0.01, 'model__learning_rate': 1, 'model__max_depth': 18, 'model__max_leaf_nodes': 3}	{'model__l2_regularization': 0.01, 'model__learning_rate': 1, 'model__max_depth': 18, 'model__max_leaf_nodes': 10}	{'model__l2_regularization': 0.01, 'model__learning_rate': 1, 'model__max_depth': 18, 'model__max_leaf_nodes': 30}	{'model__l2_regularization': 0.01, 'model__learning_rate': 10, 'model__max_depth': 3, 'model__max_leaf_nodes': 3}	{'model__l2_regularization': 0.01, 'model__learning_rate': 10, 'model__max_depth': 3, 'model__max_leaf_nodes': 10}	{'model__l2_regularization': 0.01, 'model__learning_rate': 10, 'model__max_depth': 3, 'model__max_leaf_nodes': 30}	{'model__l2_regularization': 0.01, 'model__learning_rate': 10, 'model__max_depth': 7, 'model__max_leaf_nodes': 3}	{'model__l2_regularization': 0.01, 'model__learning_rate': 10, 'model__max_depth': 7, 'model__max_leaf_nodes': 10}	{'model__l2_regularization': 0.01, 'model__learning_rate': 10, 'model__max_depth': 7, 'model__max_leaf_nodes': 30}	{'model__l2_regularization': 0.01, 'model__learning_rate': 10, 'model__max_depth': 12, 'model__max_leaf_nodes': 3}	{'model__l2_regularization': 0.01, 'model__learning_rate': 10, 'model__max_depth': 12, 'model__max_leaf_nodes': 10}	{'model__l2_regularization': 0.01, 'model__learning_rate': 10, 'model__max_depth': 12, 'model__max_leaf_nodes': 30}	{'model__l2_regularization': 0.01, 'model__learning_rate': 10, 'model__max_depth': 18, 'model__max_leaf_nodes': 3}	{'model__l2_regularization': 0.01, 'model__learning_rate': 10, 'model__max_depth': 18, 'model__max_leaf_nodes': 10}	{'model__l2_regularization': 0.01, 'model__learning_rate': 10, 'model__max_depth': 18, 'model__max_leaf_nodes': 30}	{'model__l2_regularization': 0.1, 'model__learning_rate': 0.01, 'model__max_depth': 3, 'model__max_leaf_nodes': 3}	{'model__l2_regularization': 0.1, 'model__learning_rate': 0.01, 'model__max_depth': 3, 'model__max_leaf_nodes': 10}	{'model__l2_regularization': 0.1, 'model__learning_rate': 0.01, 'model__max_depth': 3, 'model__max_leaf_nodes': 30}	{'model__l2_regularization': 0.1, 'model__learning_rate': 0.01, 'model__max_depth': 7, 'model__max_leaf_nodes': 3}	{'model__l2_regularization': 0.1, 'model__learning_rate': 0.01, 'model__max_depth': 7, 'model__max_leaf_nodes': 10}	{'model__l2_regularization': 0.1, 'model__learning_rate': 0.01, 'model__max_depth': 7, 'model__max_leaf_nodes': 30}	{'model__l2_regularization': 0.1, 'model__learning_rate': 0.01, 'model__max_depth': 12, 'model__max_leaf_nodes': 3}	{'model__l2_regularization': 0.1, 'model__learning_rate': 0.01, 'model__max_depth': 12, 'model__max_leaf_nodes': 10}	{'model__l2_regularization': 0.1, 'model__learning_rate': 0.01, 'model__max_depth': 12, 'model__max_leaf_nodes': 30}	{'model__l2_regularization': 0.1, 'model__learning_rate': 0.01, 'model__max_depth': 18, 'model__max_leaf_nodes': 3}	{'model__l2_regularization': 0.1, 'model__learning_rate': 0.01, 'model__max_depth': 18, 'model__max_leaf_nodes': 10}	{'model__l2_regularization': 0.1, 'model__learning_rate': 0.01, 'model__max_depth': 18, 'model__max_leaf_nodes': 30}	{'model__l2_regularization': 0.1, 'model__learning_rate': 0.1, 'model__max_depth': 3, 'model__max_leaf_nodes': 3}	{'model__l2_regularization': 0.1, 'model__learning_rate': 0.1, 'model__max_depth': 3, 'model__max_leaf_nodes': 10}	{'model__l2_regularization': 0.1, 'model__learning_rate': 0.1, 'model__max_depth': 3, 'model__max_leaf_nodes': 30}	{'model__l2_regularization': 0.1, 'model__learning_rate': 0.1, 'model__max_depth': 7, 'model__max_leaf_nodes': 3}	{'model__l2_regularization': 0.1, 'model__learning_rate': 0.1, 'model__max_depth': 7, 'model__max_leaf_nodes': 10}	{'model__l2_regularization': 0.1, 'model__learning_rate': 0.1, 'model__max_depth': 7, 'model__max_leaf_nodes': 30}	{'model__l2_regularization': 0.1, 'model__learning_rate': 0.1, 'model__max_depth': 12, 'model__max_leaf_nodes': 3}	{'model__l2_regularization': 0.1, 'model__learning_rate': 0.1, 'model__max_depth': 12, 'model__max_leaf_nodes': 10}	{'model__l2_regularization': 0.1, 'model__learning_rate': 0.1, 'model__max_depth': 12, 'model__max_leaf_nodes': 30}	{'model__l2_regularization': 0.1, 'model__learning_rate': 0.1, 'model__max_depth': 18, 'model__max_leaf_nodes': 3}	{'model__l2_regularization': 0.1, 'model__learning_rate': 0.1, 'model__max_depth': 18, 'model__max_leaf_nodes': 10}	{'model__l2_regularization': 0.1, 'model__learning_rate': 0.1, 'model__max_depth': 18, 'model__max_leaf_nodes': 30}	{'model__l2_regularization': 0.1, 'model__learning_rate': 1, 'model__max_depth': 3, 'model__max_leaf_nodes': 3}	{'model__l2_regularization': 0.1, 'model__learning_rate': 1, 'model__max_depth': 3, 'model__max_leaf_nodes': 10}	{'model__l2_regularization': 0.1, 'model__learning_rate': 1, 'model__max_depth': 3, 'model__max_leaf_nodes': 30}	{'model__l2_regularization': 0.1, 'model__learning_rate': 1, 'model__max_depth': 7, 'model__max_leaf_nodes': 3}	{'model__l2_regularization': 0.1, 'model__learning_rate': 1, 'model__max_depth': 7, 'model__max_leaf_nodes': 10}	{'model__l2_regularization': 0.1, 'model__learning_rate': 1, 'model__max_depth': 7, 'model__max_leaf_nodes': 30}	{'model__l2_regularization': 0.1, 'model__learning_rate': 1, 'model__max_depth': 12, 'model__max_leaf_nodes': 3}	{'model__l2_regularization': 0.1, 'model__learning_rate': 1, 'model__max_depth': 12, 'model__max_leaf_nodes': 10}	{'model__l2_regularization': 0.1, 'model__learning_rate': 1, 'model__max_depth': 12, 'model__max_leaf_nodes': 30}	{'model__l2_regularization': 0.1, 'model__learning_rate': 1, 'model__max_depth': 18, 'model__max_leaf_nodes': 3}	{'model__l2_regularization': 0.1, 'model__learning_rate': 1, 'model__max_depth': 18, 'model__max_leaf_nodes': 10}	{'model__l2_regularization': 0.1, 'model__learning_rate': 1, 'model__max_depth': 18, 'model__max_leaf_nodes': 30}	{'model__l2_regularization': 0.1, 'model__learning_rate': 10, 'model__max_depth': 3, 'model__max_leaf_nodes': 3}	{'model__l2_regularization': 0.1, 'model__learning_rate': 10, 'model__max_depth': 3, 'model__max_leaf_nodes': 10}	{'model__l2_regularization': 0.1, 'model__learning_rate': 10, 'model__max_depth': 3, 'model__max_leaf_nodes': 30}	{'model__l2_regularization': 0.1, 'model__learning_rate': 10, 'model__max_depth': 7, 'model__max_leaf_nodes': 3}	{'model__l2_regularization': 0.1, 'model__learning_rate': 10, 'model__max_depth': 7, 'model__max_leaf_nodes': 10}	{'model__l2_regularization': 0.1, 'model__learning_rate': 10, 'model__max_depth': 7, 'model__max_leaf_nodes': 30}	{'model__l2_regularization': 0.1, 'model__learning_rate': 10, 'model__max_depth': 12, 'model__max_leaf_nodes': 3}	{'model__l2_regularization': 0.1, 'model__learning_rate': 10, 'model__max_depth': 12, 'model__max_leaf_nodes': 10}	{'model__l2_regularization': 0.1, 'model__learning_rate': 10, 'model__max_depth': 12, 'model__max_leaf_nodes': 30}	{'model__l2_regularization': 0.1, 'model__learning_rate': 10, 'model__max_depth': 18, 'model__max_leaf_nodes': 3}	{'model__l2_regularization': 0.1, 'model__learning_rate': 10, 'model__max_depth': 18, 'model__max_leaf_nodes': 10}	{'model__l2_regularization': 0.1, 'model__learning_rate': 10, 'model__max_depth': 18, 'model__max_leaf_nodes': 30}
split0_test_score	0.33962264150943394	0.3490566037735849	0.3490566037735849	0.33962264150943394	0.5188679245283019	0.5188679245283019	0.33962264150943394	0.5188679245283019	0.5188679245283019	0.33962264150943394	0.5188679245283019	0.5188679245283019	0.5377358490566038	0.5754716981132075	0.5754716981132075	0.5377358490566038	0.5566037735849056	0.5660377358490566	0.5377358490566038	0.5660377358490566	0.5943396226415094	0.5377358490566038	0.5660377358490566	0.5943396226415094	0.16037735849056603	0.12264150943396226	0.12264150943396226	0.16037735849056603	0.330188679245283	0.32075471698113206	0.16037735849056603	0.2641509433962264	0.33962264150943394	0.16037735849056603	0.2641509433962264	0.33962264150943394	0.16037735849056603	0.16037735849056603	0.16037735849056603	0.16037735849056603	0.12264150943396226	0.12264150943396226	0.16037735849056603	0.12264150943396226	0.12264150943396226	0.16037735849056603	0.12264150943396226	0.12264150943396226	0.33962264150943394	0.3490566037735849	0.3490566037735849	0.33962264150943394	0.5188679245283019	0.5188679245283019	0.33962264150943394	0.5188679245283019	0.5188679245283019	0.33962264150943394	0.5188679245283019	0.5188679245283019	0.5188679245283019	0.5377358490566038	0.5377358490566038	0.5188679245283019	0.5849056603773585	0.5566037735849056	0.5188679245283019	0.5660377358490566	0.5754716981132075	0.5188679245283019	0.5660377358490566	0.5754716981132075	0.37735849056603776	0.07547169811320754	0.07547169811320754	0.37735849056603776	0.3018867924528302	0.009433962264150943	0.37735849056603776	0.0	0.330188679245283	0.37735849056603776	0.0	0.330188679245283	0.16037735849056603	0.1792452830188679	0.1792452830188679	0.16037735849056603	0.330188679245283	0.330188679245283	0.16037735849056603	0.330188679245283	0.330188679245283	0.16037735849056603	0.330188679245283	0.330188679245283	0.32075471698113206	0.3490566037735849	0.3490566037735849	0.32075471698113206	0.5188679245283019	0.5188679245283019	0.32075471698113206	0.5188679245283019	0.5188679245283019	0.32075471698113206	0.5188679245283019	0.5188679245283019	0.5377358490566038	0.5849056603773585	0.5849056603773585	0.5377358490566038	0.5754716981132075	0.5754716981132075	0.5377358490566038	0.5566037735849056	0.5566037735849056	0.5377358490566038	0.5566037735849056	0.5566037735849056	0.5377358490566038	0.16981132075471697	0.16981132075471697	0.5377358490566038	0.18867924528301888	0.49056603773584906	0.5377358490566038	0.4716981132075472	0.25471698113207547	0.5377358490566038	0.4716981132075472	0.25471698113207547	0.16037735849056603	0.19811320754716982	0.19811320754716982	0.16037735849056603	0.3584905660377358	0.3584905660377358	0.16037735849056603	0.3584905660377358	0.3584905660377358	0.16037735849056603	0.3584905660377358	0.3584905660377358
split1_test_score	0.5188679245283019	0.5566037735849056	0.5566037735849056	0.5188679245283019	0.5660377358490566	0.5660377358490566	0.5188679245283019	0.5754716981132075	0.5754716981132075	0.5188679245283019	0.5754716981132075	0.5754716981132075	0.5943396226415094	0.6132075471698113	0.6132075471698113	0.5943396226415094	0.6132075471698113	0.6132075471698113	0.5943396226415094	0.6037735849056604	0.6132075471698113	0.5943396226415094	0.6037735849056604	0.6132075471698113	0.14150943396226415	0.33962264150943394	0.33962264150943394	0.14150943396226415	0.41509433962264153	0.24528301886792453	0.14150943396226415	0.4056603773584906	0.18867924528301888	0.14150943396226415	0.4056603773584906	0.18867924528301888	0.37735849056603776	0.330188679245283	0.330188679245283	0.37735849056603776	0.22641509433962265	0.22641509433962265	0.37735849056603776	0.22641509433962265	0.22641509433962265	0.37735849056603776	0.22641509433962265	0.22641509433962265	0.5188679245283019	0.5471698113207547	0.5471698113207547	0.5188679245283019	0.5754716981132075	0.5754716981132075	0.5188679245283019	0.5754716981132075	0.5754716981132075	0.5188679245283019	0.5754716981132075	0.5754716981132075	0.6226415094339622	0.5943396226415094	0.5943396226415094	0.6226415094339622	0.6132075471698113	0.6320754716981132	0.6226415094339622	0.6226415094339622	0.6132075471698113	0.6226415094339622	0.6226415094339622	0.6132075471698113	0.1509433962264151	0.3584905660377358	0.3584905660377358	0.1509433962264151	0.2830188679245283	0.41509433962264153	0.1509433962264151	0.3113207547169811	0.2641509433962264	0.1509433962264151	0.3113207547169811	0.2641509433962264	0.3584905660377358	0.330188679245283	0.330188679245283	0.3584905660377358	0.22641509433962265	0.22641509433962265	0.3584905660377358	0.22641509433962265	0.22641509433962265	0.3584905660377358	0.22641509433962265	0.22641509433962265	0.5188679245283019	0.5471698113207547	0.5471698113207547	0.5188679245283019	0.5660377358490566	0.5660377358490566	0.5188679245283019	0.5660377358490566	0.5660377358490566	0.5188679245283019	0.5660377358490566	0.5660377358490566	0.6037735849056604	0.6132075471698113	0.6132075471698113	0.6037735849056604	0.6132075471698113	0.6037735849056604	0.6037735849056604	0.6037735849056604	0.5943396226415094	0.6037735849056604	0.6037735849056604	0.5943396226415094	0.22641509433962265	0.660377358490566	0.660377358490566	0.22641509433962265	0.19811320754716982	0.4716981132075472	0.22641509433962265	0.19811320754716982	0.5188679245283019	0.22641509433962265	0.19811320754716982	0.5188679245283019	0.3018867924528302	0.2830188679245283	0.2830188679245283	0.3018867924528302	0.1792452830188679	0.1792452830188679	0.3018867924528302	0.1792452830188679	0.1792452830188679	0.3018867924528302	0.1792452830188679	0.1792452830188679
split2_test_score	0.5754716981132075	0.5943396226415094	0.5943396226415094	0.5754716981132075	0.6226415094339622	0.6226415094339622	0.5754716981132075	0.6226415094339622	0.6226415094339622	0.5754716981132075	0.6226415094339622	0.6226415094339622	0.6320754716981132	0.6226415094339622	0.6226415094339622	0.6320754716981132	0.6320754716981132	0.6509433962264151	0.6320754716981132	0.6698113207547169	0.6509433962264151	0.6320754716981132	0.6698113207547169	0.6509433962264151	0.29245283018867924	0.2641509433962264	0.2641509433962264	0.29245283018867924	0.3113207547169811	0.33962264150943394	0.29245283018867924	0.3113207547169811	0.2830188679245283	0.29245283018867924	0.3113207547169811	0.2830188679245283	0.2830188679245283	0.11320754716981132	0.11320754716981132	0.2830188679245283	0.16037735849056603	0.16037735849056603	0.2830188679245283	0.16037735849056603	0.16037735849056603	0.2830188679245283	0.16037735849056603	0.16037735849056603	0.5754716981132075	0.5943396226415094	0.5943396226415094	0.5754716981132075	0.6226415094339622	0.6226415094339622	0.5754716981132075	0.6226415094339622	0.6226415094339622	0.5754716981132075	0.6226415094339622	0.6226415094339622	0.6415094339622641	0.6320754716981132	0.6320754716981132	0.6415094339622641	0.6415094339622641	0.6415094339622641	0.6415094339622641	0.6415094339622641	0.6415094339622641	0.6415094339622641	0.6415094339622641	0.6415094339622641	0.32075471698113206	0.42452830188679247	0.42452830188679247	0.32075471698113206	0.36792452830188677	0.29245283018867924	0.32075471698113206	0.3018867924528302	0.4528301886792453	0.32075471698113206	0.3018867924528302	0.4528301886792453	0.27358490566037735	0.09433962264150944	0.09433962264150944	0.27358490566037735	0.33962264150943394	0.33962264150943394	0.27358490566037735	0.33962264150943394	0.33962264150943394	0.27358490566037735	0.33962264150943394	0.33962264150943394	0.5754716981132075	0.5754716981132075	0.5754716981132075	0.5754716981132075	0.6226415094339622	0.6226415094339622	0.5754716981132075	0.6226415094339622	0.6226415094339622	0.5754716981132075	0.6226415094339622	0.6226415094339622	0.6320754716981132	0.6320754716981132	0.6320754716981132	0.6320754716981132	0.6509433962264151	0.6509433962264151	0.6320754716981132	0.6509433962264151	0.6509433962264151	0.6320754716981132	0.6509433962264151	0.6509433962264151	0.6132075471698113	0.6226415094339622	0.6226415094339622	0.6132075471698113	0.4811320754716981	0.5660377358490566	0.6132075471698113	0.6320754716981132	0.5188679245283019	0.6132075471698113	0.6320754716981132	0.5188679245283019	0.2641509433962264	0.33962264150943394	0.33962264150943394	0.2641509433962264	0.19811320754716982	0.19811320754716982	0.2641509433962264	0.19811320754716982	0.19811320754716982	0.2641509433962264	0.19811320754716982	0.19811320754716982
split3_test_score	0.5904761904761905	0.5904761904761905	0.5904761904761905	0.5904761904761905	0.6952380952380952	0.6952380952380952	0.5904761904761905	0.6952380952380952	0.6952380952380952	0.5904761904761905	0.6952380952380952	0.6952380952380952	0.8	0.8666666666666667	0.8666666666666667	0.8	0.819047619047619	0.8095238095238095	0.8	0.8095238095238095	0.819047619047619	0.8	0.8095238095238095	0.819047619047619	0.8380952380952381	0.3523809523809524	0.3523809523809524	0.8380952380952381	0.2857142857142857	0.3047619047619048	0.8380952380952381	0.3523809523809524	0.26666666666666666	0.8380952380952381	0.3523809523809524	0.26666666666666666	0.37142857142857144	0.34285714285714286	0.34285714285714286	0.37142857142857144	0.20952380952380953	0.20952380952380953	0.37142857142857144	0.20952380952380953	0.20952380952380953	0.37142857142857144	0.20952380952380953	0.20952380952380953	0.5904761904761905	0.5904761904761905	0.5904761904761905	0.5904761904761905	0.6857142857142857	0.6857142857142857	0.5904761904761905	0.6952380952380952	0.6952380952380952	0.5904761904761905	0.6952380952380952	0.6952380952380952	0.819047619047619	0.780952380952381	0.780952380952381	0.819047619047619	0.819047619047619	0.8380952380952381	0.819047619047619	0.8095238095238095	0.8285714285714286	0.819047619047619	0.8095238095238095	0.8285714285714286	0.7904761904761904	0.14285714285714285	0.14285714285714285	0.7904761904761904	0.45714285714285713	0.37142857142857144	0.7904761904761904	0.3047619047619048	0.37142857142857144	0.7904761904761904	0.3047619047619048	0.37142857142857144	0.37142857142857144	0.3047619047619048	0.3047619047619048	0.37142857142857144	0.23809523809523808	0.23809523809523808	0.37142857142857144	0.23809523809523808	0.23809523809523808	0.37142857142857144	0.23809523809523808	0.23809523809523808	0.5904761904761905	0.6	0.6	0.5904761904761905	0.6857142857142857	0.6857142857142857	0.5904761904761905	0.6857142857142857	0.6857142857142857	0.5904761904761905	0.6857142857142857	0.6857142857142857	0.819047619047619	0.7619047619047619	0.7619047619047619	0.819047619047619	0.819047619047619	0.819047619047619	0.819047619047619	0.8	0.8095238095238095	0.819047619047619	0.8	0.8095238095238095	0.8761904761904762	0.22857142857142856	0.22857142857142856	0.8761904761904762	0.7238095238095238	0.6476190476190476	0.8761904761904762	0.7238095238095238	0.6476190476190476	0.8761904761904762	0.7238095238095238	0.6476190476190476	0.3047619047619048	0.3523809523809524	0.3523809523809524	0.3047619047619048	0.21904761904761905	0.21904761904761905	0.3047619047619048	0.21904761904761905	0.21904761904761905	0.3047619047619048	0.21904761904761905	0.21904761904761905
split4_test_score	0.5047619047619047	0.5428571428571428	0.5428571428571428	0.5047619047619047	0.6571428571428571	0.6571428571428571	0.5047619047619047	0.6571428571428571	0.6571428571428571	0.5047619047619047	0.6571428571428571	0.6571428571428571	0.6761904761904762	0.6761904761904762	0.6761904761904762	0.6761904761904762	0.7428571428571429	0.7523809523809524	0.6761904761904762	0.7333333333333333	0.7333333333333333	0.6761904761904762	0.7333333333333333	0.7333333333333333	0.38095238095238093	0.6095238095238096	0.6095238095238096	0.38095238095238093	0.42857142857142855	0.47619047619047616	0.38095238095238093	0.4	0.21904761904761905	0.38095238095238093	0.4	0.21904761904761905	0.4666666666666667	0.34285714285714286	0.34285714285714286	0.4666666666666667	0.3333333333333333	0.3333333333333333	0.4666666666666667	0.3333333333333333	0.3333333333333333	0.4666666666666667	0.3333333333333333	0.3333333333333333	0.5047619047619047	0.5428571428571428	0.5428571428571428	0.5047619047619047	0.6571428571428571	0.6571428571428571	0.5047619047619047	0.6571428571428571	0.6571428571428571	0.5047619047619047	0.6571428571428571	0.6571428571428571	0.6857142857142857	0.6666666666666666	0.6666666666666666	0.6857142857142857	0.7333333333333333	0.7142857142857143	0.6857142857142857	0.7428571428571429	0.7333333333333333	0.6857142857142857	0.7428571428571429	0.7333333333333333	0.3523809523809524	0.5238095238095238	0.5238095238095238	0.3523809523809524	0.3619047619047619	0.580952380952381	0.3523809523809524	0.3333333333333333	0.4666666666666667	0.3523809523809524	0.3333333333333333	0.4666666666666667	0.17142857142857143	0.3047619047619048	0.3047619047619048	0.17142857142857143	0.18095238095238095	0.18095238095238095	0.17142857142857143	0.18095238095238095	0.18095238095238095	0.17142857142857143	0.18095238095238095	0.18095238095238095	0.5047619047619047	0.5428571428571428	0.5428571428571428	0.5047619047619047	0.6571428571428571	0.6571428571428571	0.5047619047619047	0.6571428571428571	0.6571428571428571	0.5047619047619047	0.6571428571428571	0.6571428571428571	0.6666666666666666	0.6666666666666666	0.6666666666666666	0.6666666666666666	0.7238095238095238	0.7238095238095238	0.6666666666666666	0.7333333333333333	0.7333333333333333	0.6666666666666666	0.7333333333333333	0.7333333333333333	0.4857142857142857	0.20952380952380953	0.20952380952380953	0.4857142857142857	0.4	0.6095238095238096	0.4857142857142857	0.4	0.4380952380952381	0.4857142857142857	0.4	0.4380952380952381	0.34285714285714286	0.0	0.0	0.34285714285714286	0.24761904761904763	0.24761904761904763	0.34285714285714286	0.24761904761904763	0.24761904761904763	0.34285714285714286	0.24761904761904763	0.24761904761904763
mean_test_score	0.5058400718778077	0.5266666666666666	0.5266666666666666	0.5058400718778077	0.6119856244384546	0.6119856244384546	0.5058400718778077	0.6138724168912847	0.6138724168912847	0.5058400718778077	0.6138724168912847	0.6138724168912847	0.6480682839173406	0.6708355795148249	0.6708355795148249	0.6480682839173406	0.6727583108715184	0.678418688230009	0.6480682839173406	0.6764959568733154	0.6821743036837377	0.6480682839173406	0.6764959568733154	0.6821743036837377	0.36267744833782567	0.3376639712488769	0.3376639712488769	0.36267744833782567	0.354177897574124	0.33732255166217434	0.36267744833782567	0.3467026055705301	0.2594070080862534	0.36267744833782567	0.3467026055705301	0.2594070080862534	0.331769991015274	0.2578975741239892	0.2578975741239892	0.331769991015274	0.21045822102425876	0.21045822102425876	0.331769991015274	0.21045822102425876	0.21045822102425876	0.331769991015274	0.21045822102425876	0.21045822102425876	0.5058400718778077	0.5247798742138364	0.5247798742138364	0.5058400718778077	0.6119676549865228	0.6119676549865228	0.5058400718778077	0.6138724168912847	0.6138724168912847	0.5058400718778077	0.6138724168912847	0.6138724168912847	0.6575561545372866	0.6423539982030547	0.6423539982030547	0.6575561545372866	0.6784007187780773	0.6765139263252471	0.6575561545372866	0.676513926325247	0.678418688230009	0.6575561545372866	0.676513926325247	0.678418688230009	0.39838274932614554	0.3050314465408805	0.3050314465408805	0.39838274932614554	0.35437556154537286	0.33387241689128483	0.39838274932614554	0.25026055705300987	0.3770530098831986	0.39838274932614554	0.25026055705300987	0.3770530098831986	0.26706199460916447	0.24265947888589395	0.24265947888589395	0.26706199460916447	0.2630548068283917	0.2630548068283917	0.26706199460916447	0.2630548068283917	0.2630548068283917	0.26706199460916447	0.2630548068283917	0.2630548068283917	0.5020664869721474	0.5229110512129379	0.5229110512129379	0.5020664869721474	0.6100808625336926	0.6100808625336926	0.5020664869721474	0.6100808625336926	0.6100808625336926	0.5020664869721474	0.6100808625336926	0.6100808625336926	0.6518598382749325	0.6517520215633422	0.6517520215633422	0.6518598382749325	0.6764959568733154	0.6746091644204851	0.6518598382749325	0.668930817610063	0.6689487870619946	0.6518598382749325	0.668930817610063	0.6689487870619946	0.5478526504941599	0.37818508535489664	0.37818508535489664	0.5478526504941599	0.3983468104222821	0.5570889487870619	0.5478526504941599	0.4851392632524708	0.475633423180593	0.5478526504941599	0.4851392632524708	0.475633423180593	0.27480682839173404	0.2346271338724169	0.2346271338724169	0.27480682839173404	0.2405031446540881	0.2405031446540881	0.27480682839173404	0.2405031446540881	0.2405031446540881	0.27480682839173404	0.2405031446540881	0.2405031446540881
std_test_score	0.08923111283724296	0.09094501704872468	0.09094501704872468	0.08923111283724296	0.06303302618022245	0.06303302618022245	0.08923111283724296	0.061757704569137935	0.061757704569137935	0.08923111283724296	0.061757704569137935	0.061757704569137935	0.08853235489643349	0.10306931453383975	0.10306931453383975	0.08853235489643349	0.09487641574735395	0.08977286048121863	0.08853235489643349	0.08770535135343047	0.08342453482260209	0.08853235489643349	0.08770535135343047	0.08342453482260209	0.2534277656095011	0.1585982483753935	0.1585982483753935	0.2534277656095011	0.05717463389458345	0.07628309818782895	0.2534277656095011	0.05369455657184311	0.05229926792591084	0.2534277656095011	0.05369455657184311	0.05229926792591084	0.10353775531644833	0.10010759898778408	0.10010759898778408	0.10353775531644833	0.07151734863999695	0.07151734863999695	0.10353775531644833	0.07151734863999695	0.07151734863999695	0.10353775531644833	0.07151734863999695	0.07151734863999695	0.08923111283724296	0.09040058547513528	0.09040058547513528	0.08923111283724296	0.05931746839139394	0.05931746839139394	0.08923111283724296	0.061757704569137935	0.061757704569137935	0.08923111283724296	0.061757704569137935	0.061757704569137935	0.09755339900587989	0.08143292091906959	0.08143292091906959	0.09755339900587989	0.086199286728333	0.09498817162625199	0.09755339900587989	0.08766480691557278	0.09140495875163963	0.09755339900587989	0.08766480691557278	0.09140495875163963	0.2114463507557669	0.1697052773851108	0.1697052773851108	0.2114463507557669	0.061070826108692834	0.18763361485602575	0.2114463507557669	0.12561484418476204	0.07582554281967481	0.2114463507557669	0.12561484418476204	0.07582554281967481	0.08924290180406365	0.090988926258904	0.090988926258904	0.08924290180406365	0.061767057677634886	0.061767057677634886	0.08924290180406365	0.061767057677634886	0.061767057677634886	0.08924290180406365	0.061767057677634886	0.061767057677634886	0.09629964923573292	0.08934990826627578	0.08934990826627578	0.09629964923573292	0.060584837966103554	0.060584837966103554	0.09629964923573292	0.060584837966103554	0.060584837966103554	0.09629964923573292	0.060584837966103554	0.060584837966103554	0.09370057635443142	0.06115120925699137	0.06115120925699137	0.09370057635443142	0.08651451556972992	0.08796491081599332	0.09370057635443142	0.08776467595224276	0.09210736160214143	0.09370057635443142	0.08776467595224276	0.09210736160214143	0.20945768969312853	0.2161674907684977	0.2161674907684977	0.20945768969312853	0.1984117408533291	0.067441955340259	0.20945768969312853	0.18350316506382067	0.1292522254616404	0.20945768969312853	0.18350316506382067	0.1292522254616404	0.06240052534976585	0.1293173902356036	0.1293173902356036	0.06240052534976585	0.06321619988399697	0.06321619988399697	0.06240052534976585	0.06321619988399697	0.06321619988399697	0.06240052534976585	0.06321619988399697	0.06321619988399697
rank_test_score	66	60	60	66	45	45	66	37	37	66	37	37	31	15	15	31	14	3	31	10	1	31	10	1	91	99	99	91	96	101	91	97	123	91	97	123	103	125	125	103	139	139	103	139	139	103	139	139	66	62	62	66	47	47	66	37	37	66	37	37	21	35	35	21	6	7	21	8	3	21	8	3	82	107	107	82	95	102	82	127	89	82	127	89	113	129	129	113	117	117	113	117	117	113	117	117	74	64	64	74	49	49	74	49	49	74	49	49	25	29	29	25	10	13	25	19	17	25	19	17	56	87	87	56	86	55	56	78	80	56	78	80	109	137	137	109	131	131	109	131	131	109	131	131
split0_train_score	0.8933649289099526	0.919431279620853	0.919431279620853	0.8933649289099526	0.9928909952606635	0.990521327014218	0.8933649289099526	0.990521327014218	0.990521327014218	0.8933649289099526	0.990521327014218	0.990521327014218	1.0	1.0	1.0	1.0	1.0	1.0	1.0	1.0	1.0	1.0	1.0	1.0	0.1848341232227488	0.2014218009478673	0.2014218009478673	0.1848341232227488	0.43364928909952605	0.3412322274881517	0.1848341232227488	0.48104265402843605	0.38388625592417064	0.1848341232227488	0.48104265402843605	0.38388625592417064	0.23933649289099526	0.22511848341232227	0.22511848341232227	0.23933649289099526	0.2725118483412322	0.2725118483412322	0.23933649289099526	0.2725118483412322	0.2725118483412322	0.23933649289099526	0.2725118483412322	0.2725118483412322	0.8933649289099526	0.919431279620853	0.919431279620853	0.8933649289099526	0.990521327014218	0.990521327014218	0.8933649289099526	0.9928909952606635	0.9928909952606635	0.8933649289099526	0.9928909952606635	0.9928909952606635	1.0	1.0	1.0	1.0	1.0	1.0	1.0	1.0	1.0	1.0	1.0	1.0	0.44549763033175355	0.3459715639810427	0.3459715639810427	0.44549763033175355	0.5165876777251185	0.11137440758293839	0.44549763033175355	0.26540284360189575	0.5829383886255924	0.44549763033175355	0.26540284360189575	0.5829383886255924	0.23933649289099526	0.3767772511848341	0.3767772511848341	0.23933649289099526	0.38388625592417064	0.38388625592417064	0.23933649289099526	0.38388625592417064	0.38388625592417064	0.23933649289099526	0.38388625592417064	0.38388625592417064	0.8862559241706162	0.919431279620853	0.919431279620853	0.8862559241706162	0.9881516587677726	0.9881516587677726	0.8862559241706162	0.9881516587677726	0.9881516587677726	0.8862559241706162	0.9881516587677726	0.9881516587677726	1.0	1.0	1.0	1.0	1.0	1.0	1.0	1.0	1.0	1.0	1.0	1.0	1.0	0.4597156398104265	0.4597156398104265	1.0	0.7274881516587678	0.9976303317535545	1.0	0.995260663507109	0.5355450236966824	1.0	0.995260663507109	0.5355450236966824	0.23933649289099526	0.2772511848341232	0.2772511848341232	0.23933649289099526	0.47393364928909953	0.47393364928909953	0.23933649289099526	0.47393364928909953	0.47393364928909953	0.23933649289099526	0.47393364928909953	0.47393364928909953
split1_train_score	0.8957345971563981	0.966824644549763	0.966824644549763	0.8957345971563981	0.985781990521327	0.985781990521327	0.8957345971563981	0.9881516587677726	0.9881516587677726	0.8957345971563981	0.9881516587677726	0.9881516587677726	1.0	1.0	1.0	1.0	1.0	1.0	1.0	1.0	1.0	1.0	1.0	1.0	0.37203791469194314	0.35308056872037913	0.35308056872037913	0.37203791469194314	0.36255924170616116	0.3033175355450237	0.37203791469194314	0.4004739336492891	0.3981042654028436	0.37203791469194314	0.4004739336492891	0.3981042654028436	0.523696682464455	0.1943127962085308	0.1943127962085308	0.523696682464455	0.3175355450236967	0.3175355450236967	0.523696682464455	0.3175355450236967	0.3175355450236967	0.523696682464455	0.3175355450236967	0.3175355450236967	0.8933649289099526	0.966824644549763	0.966824644549763	0.8933649289099526	0.985781990521327	0.985781990521327	0.8933649289099526	0.9881516587677726	0.9881516587677726	0.8933649289099526	0.9881516587677726	0.9881516587677726	1.0	1.0	1.0	1.0	1.0	1.0	1.0	1.0	1.0	1.0	1.0	1.0	0.504739336492891	0.45023696682464454	0.45023696682464454	0.504739336492891	0.3080568720379147	0.4928909952606635	0.504739336492891	0.4881516587677725	0.4194312796208531	0.504739336492891	0.4881516587677725	0.4194312796208531	0.3127962085308057	0.1943127962085308	0.1943127962085308	0.3127962085308057	0.34360189573459715	0.34360189573459715	0.3127962085308057	0.34360189573459715	0.34360189573459715	0.3127962085308057	0.34360189573459715	0.34360189573459715	0.8933649289099526	0.9644549763033176	0.9644549763033176	0.8933649289099526	0.985781990521327	0.985781990521327	0.8933649289099526	0.9881516587677726	0.9881516587677726	0.8933649289099526	0.9881516587677726	0.9881516587677726	1.0	1.0	1.0	1.0	1.0	1.0	1.0	1.0	1.0	1.0	1.0	1.0	0.5781990521327014	1.0	1.0	0.5781990521327014	0.6255924170616114	0.9597156398104265	0.5781990521327014	0.6255924170616114	1.0	0.5781990521327014	0.6255924170616114	1.0	0.28199052132701424	0.2014218009478673	0.2014218009478673	0.28199052132701424	0.26066350710900477	0.26066350710900477	0.28199052132701424	0.26066350710900477	0.26066350710900477	0.28199052132701424	0.26066350710900477	0.26066350710900477
split2_train_score	0.8838862559241706	0.95260663507109	0.95260663507109	0.8838862559241706	0.990521327014218	0.990521327014218	0.8838862559241706	0.990521327014218	0.990521327014218	0.8838862559241706	0.990521327014218	0.990521327014218	1.0	1.0	1.0	1.0	1.0	1.0	1.0	1.0	1.0	1.0	1.0	1.0	0.2914691943127962	0.4194312796208531	0.4194312796208531	0.2914691943127962	0.4075829383886256	0.28199052132701424	0.2914691943127962	0.4075829383886256	0.3222748815165877	0.2914691943127962	0.4075829383886256	0.3222748815165877	0.2132701421800948	0.1848341232227488	0.1848341232227488	0.2132701421800948	0.15402843601895735	0.15402843601895735	0.2132701421800948	0.15402843601895735	0.15402843601895735	0.2132701421800948	0.15402843601895735	0.15402843601895735	0.8838862559241706	0.95260663507109	0.95260663507109	0.8838862559241706	0.990521327014218	0.990521327014218	0.8838862559241706	0.990521327014218	0.990521327014218	0.8838862559241706	0.990521327014218	0.990521327014218	1.0	1.0	1.0	1.0	1.0	1.0	1.0	1.0	1.0	1.0	1.0	1.0	0.44075829383886256	0.4312796208530806	0.4312796208530806	0.44075829383886256	0.5734597156398105	0.4028436018957346	0.44075829383886256	0.43838862559241704	0.54739336492891	0.44075829383886256	0.43838862559241704	0.54739336492891	0.2772511848341232	0.17298578199052134	0.17298578199052134	0.2772511848341232	0.3293838862559242	0.3293838862559242	0.2772511848341232	0.3293838862559242	0.3293838862559242	0.2772511848341232	0.3293838862559242	0.3293838862559242	0.8886255924170616	0.943127962085308	0.943127962085308	0.8886255924170616	0.990521327014218	0.990521327014218	0.8886255924170616	0.990521327014218	0.990521327014218	0.8886255924170616	0.990521327014218	0.990521327014218	1.0	1.0	1.0	1.0	1.0	1.0	1.0	1.0	1.0	1.0	1.0	1.0	0.7440758293838863	0.9976303317535545	0.9976303317535545	0.7440758293838863	0.5071090047393365	1.0	0.7440758293838863	1.0	0.6587677725118484	0.7440758293838863	1.0	0.6587677725118484	0.1943127962085308	0.3009478672985782	0.3009478672985782	0.1943127962085308	0.24170616113744076	0.24170616113744076	0.1943127962085308	0.24170616113744076	0.24170616113744076	0.1943127962085308	0.24170616113744076	0.24170616113744076
split3_train_score	0.8794326241134752	0.8983451536643026	0.8983451536643026	0.8794326241134752	0.9787234042553191	0.9787234042553191	0.8794326241134752	0.9787234042553191	0.9787234042553191	0.8794326241134752	0.9787234042553191	0.9787234042553191	1.0	1.0	1.0	1.0	1.0	1.0	1.0	1.0	1.0	1.0	1.0	1.0	1.0	0.5224586288416075	0.5224586288416075	1.0	0.40189125295508277	0.4491725768321513	1.0	0.30023640661938533	0.44680851063829785	1.0	0.30023640661938533	0.44680851063829785	0.22695035460992907	0.34515366430260047	0.34515366430260047	0.22695035460992907	0.2765957446808511	0.2789598108747045	0.22695035460992907	0.2765957446808511	0.2789598108747045	0.22695035460992907	0.2765957446808511	0.2789598108747045	0.8794326241134752	0.8983451536643026	0.8983451536643026	0.8794326241134752	0.9787234042553191	0.9787234042553191	0.8794326241134752	0.9787234042553191	0.9787234042553191	0.8794326241134752	0.9787234042553191	0.9787234042553191	1.0	1.0	1.0	1.0	1.0	1.0	1.0	1.0	1.0	1.0	1.0	1.0	1.0	0.3144208037825059	0.3144208037825059	1.0	0.375886524822695	0.48699763593380613	1.0	0.3475177304964539	0.4373522458628842	1.0	0.3475177304964539	0.4373522458628842	0.22695035460992907	0.30260047281323876	0.30260047281323876	0.22695035460992907	0.32387706855791965	0.32860520094562645	0.22695035460992907	0.32387706855791965	0.32860520094562645	0.22695035460992907	0.32387706855791965	0.32860520094562645	0.8794326241134752	0.900709219858156	0.900709219858156	0.8794326241134752	0.9810874704491725	0.9810874704491725	0.8794326241134752	0.9787234042553191	0.9787234042553191	0.8794326241134752	0.9787234042553191	0.9787234042553191	1.0	1.0	1.0	1.0	1.0	1.0	1.0	1.0	1.0	1.0	1.0	1.0	1.0	0.34278959810874704	0.34278959810874704	1.0	1.0	0.9952718676122931	1.0	1.0	0.9952718676122931	1.0	1.0	0.9952718676122931	0.30023640661938533	0.30969267139479906	0.30969267139479906	0.30023640661938533	0.2576832151300236	0.2576832151300236	0.30023640661938533	0.2576832151300236	0.2576832151300236	0.30023640661938533	0.2576832151300236	0.2576832151300236
split4_train_score	0.8557919621749409	0.9432624113475178	0.9432624113475178	0.8557919621749409	0.983451536643026	0.983451536643026	0.8557919621749409	0.983451536643026	0.983451536643026	0.8557919621749409	0.983451536643026	0.983451536643026	1.0	1.0	1.0	1.0	1.0	1.0	1.0	1.0	1.0	1.0	1.0	1.0	0.2789598108747045	0.49645390070921985	0.49645390070921985	0.2789598108747045	0.46099290780141844	0.21749408983451538	0.2789598108747045	0.32387706855791965	0.3475177304964539	0.2789598108747045	0.32387706855791965	0.3475177304964539	0.2718676122931442	0.27423167848699764	0.27423167848699764	0.2718676122931442	0.3049645390070922	0.3049645390070922	0.2718676122931442	0.3049645390070922	0.3049645390070922	0.2718676122931442	0.3049645390070922	0.3049645390070922	0.8557919621749409	0.9432624113475178	0.9432624113475178	0.8557919621749409	0.983451536643026	0.983451536643026	0.8557919621749409	0.983451536643026	0.983451536643026	0.8557919621749409	0.983451536643026	0.983451536643026	1.0	1.0	1.0	1.0	1.0	1.0	1.0	1.0	1.0	1.0	1.0	1.0	0.31678486997635935	0.4940898345153664	0.4940898345153664	0.31678486997635935	0.3829787234042553	0.508274231678487	0.31678486997635935	0.3735224586288416	0.3309692671394799	0.31678486997635935	0.3735224586288416	0.3309692671394799	0.16312056737588654	0.23877068557919623	0.23877068557919623	0.16312056737588654	0.3262411347517731	0.3262411347517731	0.16312056737588654	0.3262411347517731	0.3262411347517731	0.16312056737588654	0.3262411347517731	0.3262411347517731	0.8534278959810875	0.9432624113475178	0.9432624113475178	0.8534278959810875	0.9810874704491725	0.9810874704491725	0.8534278959810875	0.9810874704491725	0.9810874704491725	0.8534278959810875	0.9810874704491725	0.9810874704491725	1.0	1.0	1.0	1.0	1.0	1.0	1.0	1.0	1.0	1.0	1.0	1.0	0.34988179669030733	0.624113475177305	0.624113475177305	0.34988179669030733	0.5106382978723404	0.8936170212765957	0.34988179669030733	0.5106382978723404	0.9810874704491725	0.34988179669030733	0.5106382978723404	0.9810874704491725	0.2647754137115839	0.11347517730496454	0.11347517730496454	0.2647754137115839	0.2978723404255319	0.2978723404255319	0.2647754137115839	0.2978723404255319	0.2978723404255319	0.2647754137115839	0.2978723404255319	0.2978723404255319
mean_train_score	0.8816420736557875	0.9360940248507053	0.9360940248507053	0.8816420736557875	0.9862738507389107	0.9857999170896216	0.8816420736557875	0.9862738507389107	0.9862738507389107	0.8816420736557875	0.9862738507389107	0.9862738507389107	1.0	1.0	1.0	1.0	1.0	1.0	1.0	1.0	1.0	1.0	1.0	1.0	0.42546020862043854	0.3985692357679854	0.3985692357679854	0.42546020862043854	0.41333512599016287	0.31864139020537124	0.42546020862043854	0.38264260024873115	0.3797183287956707	0.42546020862043854	0.38264260024873115	0.3797183287956707	0.29502425688772366	0.24473014912663998	0.24473014912663998	0.29502425688772366	0.2651272226143659	0.26560003585313663	0.29502425688772366	0.2651272226143659	0.26560003585313663	0.29502425688772366	0.2651272226143659	0.26560003585313663	0.8811681400064983	0.9360940248507053	0.9360940248507053	0.8811681400064983	0.9857999170896216	0.9857999170896216	0.8811681400064983	0.9867477843881998	0.9867477843881998	0.8811681400064983	0.9867477843881998	0.9867477843881998	1.0	1.0	1.0	1.0	1.0	1.0	1.0	1.0	1.0	1.0	1.0	1.0	0.5415560261279733	0.40719975799132807	0.40719975799132807	0.5415560261279733	0.4313939027259588	0.4004761744703259	0.5415560261279733	0.38259666341747617	0.46361690923554394	0.5415560261279733	0.38259666341747617	0.46361690923554394	0.24389096164834792	0.2570893975552643	0.2570893975552643	0.24389096164834792	0.34139804824487696	0.34234367472241833	0.24389096164834792	0.34139804824487696	0.34234367472241833	0.24389096164834792	0.34139804824487696	0.34234367472241833	0.8802213931184386	0.9341971698430305	0.9341971698430305	0.8802213931184386	0.9853259834403325	0.9853259834403325	0.8802213931184386	0.985327103850851	0.985327103850851	0.8802213931184386	0.985327103850851	0.985327103850851	1.0	1.0	1.0	1.0	1.0	1.0	1.0	1.0	1.0	1.0	1.0	1.0	0.7344313356413791	0.6848498089700066	0.6848498089700066	0.7344313356413791	0.6741655742664111	0.969246972090574	0.7344313356413791	0.8262982756882122	0.8341344268539993	0.7344313356413791	0.8262982756882122	0.8341344268539993	0.2561303261515019	0.24055774035606645	0.24055774035606645	0.2561303261515019	0.3063717746182201	0.3063717746182201	0.2561303261515019	0.3063717746182201	0.3063717746182201	0.2561303261515019	0.3063717746182201	0.3063717746182201
std_train_score	0.014241986089245515	0.02437641238077803	0.02437641238077803	0.014241986089245515	0.005040719824828853	0.004476062317037295	0.014241986089245515	0.004573466330241543	0.004573466330241543	0.014241986089245515	0.004573466330241543	0.004573466330241543	0.0	0.0	0.0	0.0	0.0	0.0	0.0	0.0	0.0	0.0	0.0	0.0	0.29334852472638	0.11515341428411739	0.11515341428411739	0.29334852472638	0.03294288908724218	0.07662586990675467	0.29334852472638	0.06460141788630332	0.04287921395566984	0.29334852472638	0.06460141788630332	0.04287921395566984	0.11597088161252857	0.059108854601210695	0.059108854601210695	0.11597088161252857	0.05807347779085049	0.0581744614954343	0.11597088161252857	0.05807347779085049	0.0581744614954343	0.11597088161252857	0.05807347779085049	0.0581744614954343	0.013797636681740201	0.02437641238077803	0.02437641238077803	0.013797636681740201	0.004476062317037295	0.004476062317037295	0.013797636681740201	0.005083413277751221	0.005083413277751221	0.013797636681740201	0.005083413277751221	0.005083413277751221	0.0	0.0	0.0	0.0	0.0	0.0	0.0	0.0	0.0	0.0	0.0	0.0	0.23724915877219255	0.06684123371662197	0.06684123371662197	0.23724915877219255	0.09805895800677561	0.1491524856402766	0.23724915877219255	0.07655307207045514	0.0910974306251758	0.23724915877219255	0.07655307207045514	0.0910974306251758	0.05038337321449981	0.07449340281362003	0.07449340281362003	0.05038337321449981	0.02232111816053013	0.021648846368052838	0.05038337321449981	0.02232111816053013	0.021648846368052838	0.05038337321449981	0.02232111816053013	0.021648846368052838	0.014130196809428473	0.021986117500097394	0.021986117500097394	0.014130196809428473	0.003771311790801644	0.003771311790801644	0.014130196809428473	0.004572078629177883	0.004572078629177883	0.014130196809428473	0.004572078629177883	0.004572078629177883	0.0	0.0	0.0	0.0	0.0	0.0	0.0	0.0	0.0	0.0	0.0	0.0	0.2503730502892876	0.2714887778745903	0.2714887778745903	0.2503730502892876	0.18221953210386685	0.040594075364347934	0.2503730502892876	0.21392378541760973	0.19747453269931847	0.2503730502892876	0.21392378541760973	0.19747453269931847	0.036857220219404255	0.074100761905026	0.074100761905026	0.036857220219404255	0.08577958420905354	0.08577958420905354	0.036857220219404255	0.08577958420905354	0.08577958420905354	0.036857220219404255	0.08577958420905354	0.08577958420905354
